default = 1234.57
gen4    = 1235
sci8    = 1.23456789e+03
fix8    = 1234.56789000
default = 1234.57
default = 12.3457
gen4    = 12.35
sci8    = 1.23456789e+01
fix8    = 12.34567890
default = 12.3457
